10.21 12.46 24.63 11.20 15.54 12.15 11.51 15.21 18.37 24.29 18.24 17.77 18.02  7.44  8.96 10.60 13.94 12.11
11.19 13.94  6.68 12.32 13.12  9.94 11.08 18.33  8.88 11.34 22.60 26.57 12.20 13.30 15.14  9.73 11.95 15.49
 9.68  6.63  9.55 13.13 28.13 21.99  8.22 16.56 12.62 16.12 14.21 19.02 14.07 16.34 10.48 13.69 15.22 12.99
13.24 23.66 23.08 14.38 15.13 13.55 19.46  5.83 13.43 13.81 13.63 15.17 15.09 11.54  8.46 17.04 14.15 15.12
30.81 20.46 12.73  9.73 17.24 11.31 22.12  6.34 18.88 25.23  8.55 11.19 10.99  7.40 18.70 22.82 10.16 21.00
 9.95 16.91  8.44 20.07 13.82 19.97 13.39 18.19 11.61  6.47 18.28 18.59 13.20  7.50 17.18  7.59 11.06 11.42
12.30  8.31 11.45  7.05  1.48 24.66 23.17  3.20  9.70 18.68 10.99  7.56 13.53 15.90 18.42 20.97 13.06 20.82
10.71  8.93  8.09  9.49 12.12 10.17 21.35 16.23  6.14 16.40 14.54  8.93 15.37 13.76  7.33 11.09  4.86  9.68
16.21  7.43 11.96  7.25 17.74 19.22 15.89 12.80 25.89 11.54 11.28 12.74  8.19  7.86 15.36 18.73 26.46 18.55
 3.57 12.63 13.42 18.05  8.41 15.27  7.10 11.61 17.35 16.85 12.69 17.01 27.44 10.25 15.31 15.13 13.96  9.66
18.72 11.82 20.35 10.02 16.18 13.81 12.42  8.47  5.91 16.28  6.88 14.40 15.83 16.40  8.94 13.57 12.47  7.29
 9.62 14.26 12.92 25.85  6.13 28.63 10.35 17.49 16.94 29.37 17.55 14.19 17.66  9.73  9.67  7.83 13.25 19.31
 8.69  6.38 11.37 10.89 15.37  8.77 11.77 20.59  4.83 11.62 11.45 19.83 14.84 18.57 10.06  8.03  8.64  6.77
16.24 20.00 17.23 13.80  8.51 11.90 12.29 16.62  5.86 16.95  4.40 32.42 14.22 18.03 14.15 10.43 12.88 11.62
24.02 17.54 12.57 12.22 16.83 14.49 16.09 22.91  9.68 21.08 25.55 16.67 21.11 16.97 12.26 16.06 11.44 12.07
10.51 16.66 20.04 13.67  9.05  4.80  7.63 21.67  6.87 20.61 16.31 10.13 13.06  7.32 20.88 14.24 27.80 12.64
14.42  9.36  5.44  8.54 13.92 12.40 34.77  8.21 12.58 12.08 10.00 14.87 21.01 15.56 14.18 19.31 18.40  9.43
 8.08 15.50 21.46 17.73 11.21  7.37 13.65  6.74 14.22  9.22 14.56 16.16 30.39 12.07 19.18 22.32 15.39 14.59
 9.17  8.47 10.34 12.81 21.32 13.51 26.93 23.88 20.02  9.30 16.04  9.19 15.13 22.46 29.69 18.15 13.27 12.57
 7.36  6.79 14.65 11.70  9.37 13.76 10.09 11.35  8.24 20.44 10.19 24.37 12.57  8.01  8.92  7.69 10.15 15.24
13.26 12.97 19.60 15.55 12.11 11.21 19.71 17.12 21.56 11.92  9.16 10.68 12.22 25.53  9.06 16.49 13.57  9.53
12.96  9.72  8.32  8.97 21.17 12.83 17.33 14.96 10.05  4.42 13.40 18.03 12.82  8.37  8.29  9.07 18.48 20.24
20.02  4.27 13.29 12.37  7.67 18.30  5.15 20.33 15.35 10.73 10.03 18.91 15.52  9.98 12.92  9.38 26.09 16.84
24.19 11.85 12.64 13.44 17.62 11.15 22.86 14.78 11.25 12.38 25.34  7.38 14.03  9.97 12.27  9.53 14.90 16.40
16.55 12.18 23.48 24.37 15.80 13.76 22.44  8.90 14.13 15.59 22.97 24.20 15.81 15.40 10.83 16.69 17.43 14.91
16.00  9.81 16.94 12.44  8.36 11.44 13.41  7.32 15.34 10.72 10.79 23.21 17.94 17.42 23.14 16.90 13.05 16.12
12.20  7.97 18.42 17.07 25.69 16.21 10.94 12.23 14.49 20.21 13.82 17.54 18.31 15.19 11.81 17.99 21.65 28.71
14.91  7.65 14.74 10.64  9.02 12.06  8.58  7.09 16.33 21.99  5.56 11.64 13.19  9.16 12.73  9.39  8.27 16.09
20.30 15.39 26.16 10.64 12.87 12.29 13.76 17.79 23.04 21.79 14.25 14.58  9.45  9.56 10.06 21.78 20.14 11.12
16.18  7.61 16.94  9.67 18.29 11.77 14.31 10.96 18.32 10.34 17.05  7.73  9.12 15.10 16.36 10.45 19.82 12.93
12.59 11.33 17.13 10.02  3.44 17.88 33.37 13.16 16.64 20.22 15.07 12.94 15.63  5.58 19.84 10.16 20.23 11.81
 5.48 17.14 13.99 20.08 15.73 20.23  6.70 26.25  9.77 15.69 17.77 15.55  3.69 10.56 16.73 19.38 10.30 10.46
14.18 12.94 13.86 18.96  5.15  7.39 13.98 11.89 16.02 16.38 14.95 12.00 15.61 15.75 14.72  7.90 10.45 15.49
15.13  6.87 23.40 12.65 10.29 12.84 10.31 11.94 15.34 10.37 12.69  8.24  8.86 22.79 15.32 13.37 13.90 22.80
 9.53 16.95  9.08 10.17 12.29  8.38 11.37 12.76 15.58 12.55  6.58 16.27 17.55 13.80 13.25  9.61 18.35 15.84
10.06  8.93 17.53  9.75 10.38 15.06 11.19 25.10 17.54 14.37 26.59 16.84  7.41 11.20 21.31  7.95 12.23 15.21
 7.04 17.57 13.88 18.62  9.76 26.27 12.22 17.21 19.11 10.68 18.82  9.47  9.06 12.24 11.73  2.94 12.41 13.44
13.34  9.84 15.07 25.46 13.30 17.21 18.45 13.37 18.18 12.67  8.12 10.31 11.84  7.50 16.53 11.67 12.41  9.07
 6.13 15.36 13.55 19.52 13.29 17.91 13.20 14.03 14.58  7.95 12.76 10.75 15.97 18.32  8.25 16.90  5.94 21.02
12.28 12.82 11.28 10.13 20.37  9.33 19.11 14.40 22.39 15.04 16.38  9.55 13.44 17.03 18.31 20.02 23.49 14.40
 7.87 10.24 14.91 14.84 18.59 13.72 23.73  7.78  7.07 15.44 12.19 15.55 15.75 17.93 11.36  8.81  4.11 14.11
14.75 19.25  5.42 23.79 12.51 16.30 15.53 15.22  9.86

