 8 12  9 10 11 15 11  8  8 16 15 17 13 11 13 12 16 20 12 20 15 14  5 13 19 16  9 16 12 19 11 11
 8 11 16 11 14 12 17  6 15 11 11  7 18  7  8  4 14  9 14 18 13 11 11 10  8  9 14 17 14 10 14  8
10 13  7 10 16 11  9 16 14  6 13 14  9 13 10  6 12 12 16 15 13 13 15 14  9 12 14 13  9 14 14 13
10 13 14 12 12 14 18  8 15 17 15 12 14 11 13 11 11  7 20 16 15 14 12 13 17 10 11 10  6 10  8 17
12  9 10 13 10  8 13 14 10  5 12 18 12 13 12 15  9 16 12 12  8 10  8 10  9  7 14 12 17  7 14 16
10 11 11  9  6 14 15 14 22 16 12 12  9 11 16 16  8 11 13 11 12 14 12 13 10 11 11 14 10 12 12 12
12 15 12 16 14 12  9 17 15 11 10 15  8 12 14 15 12 11  9 16  8 13 12 15 14  7 14 11 15 10 14 19
10 13 11 15  9 15 14 14 11 14 11 14  9  8 14 11 12 11 10 13  9 15 14 10  6 15 15  9  3 15  9 15
 9 10 17 13 12 10 19 12 17  9 11  9  9 18 10 13 13 11 14 17  6 10 20 15 20 13 11 11 10 16 11  9
 6 13 14 11  9 14 15 12  7 15 12  9 15 14 13 12 14 12 15 10 14 11 11 15 15 10 21 10 15 10  7 11
 9 10  8  7 14  9 11  7 13 12 13 19 15 14 12 13 12 12 18 16 12  9 12 11 13 17 10 16 15 10  8 11
 7 14 16 14 10  9  9 16 13 11 13  6 11 10 16 11  9 13  8 12 14  6  9 15 11 10 10 13  6  8 16 14
 8 14 10 12 12 13 11  8 14 15 14  8  7 13  7 18  7 11  7 13 13 11 10 11 12  8 15 13 12 12 13 15
12 17 12 12  8 10 11 13 13 10 14 15  8  6 14 14 11 11 11 13 12  7  7 12 13  9 12 11 10 14 13 22
 7 15 13 12 12 10 15  7  6 12  5 14 14 11 10 10  7 15 12 15 10 13 19 12  9 11 17  7 13 17  8 10
11 11 16  9 12 19  9 12 15 14  8  7 14 12 12  8  9 19 10 13 17 11 13  7 12 12 13 10  4 14  9  7
11 12 10 12  8 13  6 10 10  9 13  7  5  8 14 10 12 14 10 18 15  9 16  9 10 11  8 14 14  9 17 14
10 13 11  9 11 11 14  8 14 10  8 12 12 15 16 11 14 12 15 13 17 13  8 13  7 12 12 15 10 11 12 14
17 14 10 13 12 12 15 12  9 11 12 18 11 16  7  9 14 11 11 11 14 11 18 17  8 13 14 12  9 14  8 15
 7 13 13 19  9 14  7 10  7 13  5 18 16 10 10  9  9  8 12 16 10 11 10 16 16 14 10 14 12  6  9 11
11 13 12 18 12  6  8 12 11 17 11 12 11 14 14 12  8  9  8 16 16 15 10 16 14 17 10 11 10  9 10 12
14 10 11  9 11 19  6  8 15 10 13 14 11 12 14  9 16 12  9 10 14 18 12 13  9 13 12 11  8 13  9 13
 9 10 13 15 13 11 14 11  9 12 10  9 12 11 13 10 15 10 14 10 14  9 17 14 12 14 13 13 11 12 14 20
10 18 10  6 12 12 11 11 16 10 14 12 11 10  7 14  9  8  9 14 12 14 10  9 13  9  7  9  8  8 12  5
11  8 12 12 12 15 12  8 13  9 11 10 13 17 11 11  9 15 14  7 14 10 11 10 13 15 12  8 10  7  6  8
14  9  9 11 16 12 13  9 11 19 12 10 14 14 12  8 12 10  9 12 14  6 13 15 14 16  8 10 13  9 12 10
16 10 10 12 11  7 11  9 12 13  8 12 13 14 12  9 10 17 12 11 14 17  8 12 19 21 13 13 14 13 14 12
20 10  8 14 15 16  9 11  6 17 13 14 13 14 13 11 10 17 15 18 14  9 19  5 13 11 13 16 11 11 12  8
 6  9 16 11 16  4 11 15 16 10 12 10 10 10 11  6 15 11 11 12 11 12 16 10 12 15 10 13 12 11 11 13
10 11 15 11  7 12 14  9 11 14 17 15 17 16
