0.99 0.83 0.84 0.81 0.71 0.74 0.98 0.77 0.73 0.99 0.92 0.77 0.96 0.87 0.82 0.86 0.98 0.93 0.83
0.61 0.96 0.74 0.84 0.51 0.89 0.44 0.93 0.99 0.94 0.42 0.41 0.84 0.94 0.81 0.62 0.96 0.86 0.73
0.99 0.69 0.99 0.97 0.86 0.90 0.89 0.98 0.49 0.99 0.93 0.93 0.96 0.52 0.71 0.68 0.39 0.61 0.84
0.92 0.72 0.84 0.97 0.96 0.94 0.58 0.96 0.76 0.69 0.99 0.65 0.78 0.50 0.86 0.22 0.91 0.80 0.97
0.99 0.68 0.90 0.96 0.89 0.57 0.63 0.88 0.55 0.98 0.71 0.52 0.98 0.99 0.91 0.88 0.59 0.99 0.72
0.95 0.76 0.92 0.88 0.50 0.99 0.97 0.77 0.93 0.78 0.94 0.77 0.96 0.89 0.57 0.86 0.77 0.98 0.68
0.95 0.83 0.77 0.36 0.65 0.97 0.74 0.96 0.50 0.86 0.91 0.69 0.78 0.90 0.83 0.79 0.91 0.95 0.80
0.88 0.71 0.35 0.98 0.75 0.65 0.95 0.75 0.91 0.52 0.68 0.70 0.81 0.62 0.31 0.67 0.73 0.80 0.71
0.82 0.89 0.98 0.97 0.91 0.89 0.61 0.83 0.66 0.99 0.73 0.32 0.61 0.72 0.59 0.95 0.89 0.79 0.43
0.92 0.82 0.60 0.86 0.64 0.98 0.76 0.75 0.77 0.81 0.66 0.59 0.95 0.98 0.79 0.97 0.67 0.68 0.96
0.76 0.78 0.65 0.69 0.82 0.74 0.57 0.84 0.59 0.95 0.86 0.27 0.24 0.75 0.70 0.90 0.96 0.81 0.72
0.83 0.81 0.95 0.92 0.75 0.99 0.95 0.90 0.94 0.91 0.86 0.69 0.70 0.96 0.97 0.68 0.92 0.90 0.57
0.98 0.59 0.71 0.98 0.96 0.96 0.48 0.97 0.97 0.77 0.43 0.82 0.65 0.89 0.66 0.92 0.74 0.61 0.58
0.90 0.89 0.97 0.85 0.85 0.95 0.87 0.63 0.58 0.82 0.83 0.95 0.71 0.84 0.97 0.80 0.94 0.70 0.77
0.58 0.98 0.94 0.99 0.79 0.92 0.63 0.12 0.92 0.53 0.98 0.81 0.83 0.65 0.85 0.92 0.95 0.91 0.93
0.91 0.87 0.96 0.84 0.62 0.88 0.91 0.95 0.64 0.95 0.94 0.97 0.66 0.97 0.89 0.87 0.79 0.92 0.99
0.83 0.75 0.79 0.74 0.70 0.93 0.96 0.98 0.73 0.66 0.42 0.90 0.80 0.55 0.93 0.87 0.97 0.82 0.67
0.77 0.80 0.67 0.77 0.92 0.93 0.48 0.82 0.89 0.92 0.99 0.60 0.75 0.90 0.62 0.69 0.98 0.91 0.99
0.88 0.99 0.85 0.87 0.46 0.86 0.83 0.94 0.95 0.88 0.95 0.99 0.99 0.84 0.96 0.83 0.72 0.68 0.94
0.97 0.86 0.86 0.94
