 8.47  4.10  7.85 13.06 12.93  6.53  3.59  8.08  8.80 26.20 21.76 13.03 57.91 33.74 14.55 13.00
11.97  3.94  7.52  2.33  3.95  7.15  0.86  1.22 11.42  3.17 12.36  1.12 50.99  0.87  0.68  0.82
24.84 32.36  3.50  1.65  5.69  6.17 12.16  9.23  1.21 11.35 40.74  3.46 28.22 13.26 12.32 14.19
29.29 11.01  2.22  5.78  3.32  0.99  1.41 16.88  1.30  1.65  6.05  9.98  2.87 17.32  2.43  8.23
32.65  4.46  6.00 15.23 33.60 17.92  4.77  1.30 42.24 25.36  1.87  2.41  5.11  8.14 31.24  2.18
 0.36  0.17  1.77 31.03  3.05  8.30  6.22  8.81  5.29  3.58 10.20  7.88  2.42 21.54  8.76 41.44
 9.63 10.96  8.39  8.82 10.31 16.69  2.96  2.29  6.41  3.33  2.45  4.63  1.67  9.84  4.57  4.73
 5.54  4.41  3.44 13.09 15.89  2.99 10.04  2.92 49.33 46.65 17.55  2.13 34.16 18.88 26.62 13.67
 2.97 11.86 20.13  1.15 11.68 24.25  3.27 16.64  2.58 15.51  8.30 21.08  0.87  0.79 28.13  2.68
 0.90 17.01 12.99  1.30  9.62  2.52
